#x1,y1,x2,y2

[collisions]
6,22,39,22
6,13,6,22
39,22,39,23
39,23,40,23
40,23,40,24
40,24,41,24
41,24,41,25
41,25,73,25
73,18,73,25
73,18,80,18
73,7,73,14
67,23,67,25
67,23,70,23
70,21,70,23
70,21,71,21
71,20,71,21
71,20,73,20

[assets]
caveend1,4,6,23,25,1.001
fadingcave,-14,6,5,25,1.001
cave1,40,7,60,27,1.001
cave1,21,6,43,25,1.001
rock1,28,20,33,25,1.250000
rock3,12,19,19,24,1.250000
pillar1,19,6,39,26,2.000000
pillar1,44,7,67,30,2.000000
lamp,48.5,13,54.5,19,2.000000
pillar1,33,8,48,25,1.000000
lamp,40,13,43,16,1.000000
crate,70,22,73,25,1.000000
crate,71,20,73,22,1.000000
crate,70,21,71,22,1.000000
crate,67,23,70,25,1.000000
rock3,58,22,64,27,1.001000
rock2,62,23,66,27,1.001000
crate,8,20,10,22,1.000000
lamp,8,18.5,10,20.5,1.000000

[colorrect]
cavegraydark,3,7,41,22
cavegraydark,41,7,73,25
cavegraydark,39,22,41,23
cavegraydark,40,23,41,24
cavegray,28,25,73,33
cavegray,7,22,38,29
cavegray,3,2,42,7
cavegray,41,2,74,7
cavegray,38,22,39,25
cavegray,39,23,40,25
cavegray,40,24,41,25

[player]
ipos=0.1,15